1.000000000000000056e-01 1.013251999999999953e+03 2.881499999999999773e+02 4.603999999999999915e+01
1.000000000000000000e+00 8.987640000000000100e+02 2.816499999999999773e+02 4.917999999999999972e+01
2.000000000000000000e+00 7.950059999999999718e+02 2.751499999999999773e+02 5.215999999999999659e+01
3.000000000000000000e+00 7.012119999999999891e+02 2.686600000000000250e+02 5.090999999999999659e+01
4.000000000000000000e+00 6.166000000000000227e+02 2.621700000000000159e+02 5.021999999999999886e+01
5.000000000000000000e+00 5.404809999999999945e+02 2.556800000000000068e+02 4.849000000000000199e+01
6.000000000000000000e+00 4.721700000000000159e+02 2.491899999999999977e+02 4.928000000000000114e+01
7.000000000000000000e+00 4.110480000000000018e+02 2.426999999999999886e+02 4.817000000000000171e+01
8.000000000000000000e+00 3.565090000000000146e+02 2.362100000000000080e+02 5.050000000000000000e+01
9.000000000000000000e+00 3.080000000000000000e+02 2.297299999999999898e+02 3.697999999999999687e+01
1.000000000000000000e+01 2.649889999999999759e+02 2.232500000000000000e+02 2.887000000000000099e+01
1.100000000000000000e+01 2.269910000000000139e+02 2.167700000000000102e+02 2.753999999999999915e+01
1.200000000000000000e+01 1.939910000000000139e+02 2.166500000000000057e+02 1.260999999999999943e+01
1.300000000000000000e+01 1.657899999999999920e+02 2.166500000000000057e+02 6.134000000000000341e+00
1.400000000000000000e+01 1.416999999999999886e+02 2.166500000000000057e+02 2.863999999999999879e+00
1.500000000000000000e+01 1.211099999999999994e+02 2.166500000000000057e+02 2.064999999999999947e+00
1.600000000000000000e+01 1.035199999999999960e+02 2.166500000000000057e+02 1.393999999999999906e+00
1.700000000000000000e+01 8.849699999999999989e+01 2.166500000000000057e+02 1.161999999999999922e+00
1.800000000000000000e+01 7.565200000000000102e+01 2.166500000000000057e+02 9.867000000000000215e-01
1.900000000000000000e+01 6.467400000000000659e+01 2.166500000000000057e+02 8.490999999999999659e-01
2.000000000000000000e+01 5.529299999999999926e+01 2.166500000000000057e+02 7.352999999999999536e-01
2.100000000000000000e+01 4.728900000000000148e+01 2.175800000000000125e+02 5.719999999999999529e-01
2.200000000000000000e+01 4.047500000000000142e+01 2.185699999999999932e+02 4.440000000000000058e-01
2.300000000000000000e+01 3.466799999999999926e+01 2.195699999999999932e+02 3.488999999999999879e-01
2.400000000000000000e+01 2.971699999999999875e+01 2.205600000000000023e+02 2.721999999999999975e-01
2.500000000000000000e+01 2.549200000000000088e+01 2.215500000000000114e+02 2.139000000000000068e-01
3.000000000000000000e+01 1.197000000000000064e+01 2.265099999999999909e+02 6.099999999999999867e-02
3.500000000000000000e+01 5.745919999999999916e+00 2.365099999999999909e+02 1.055999999999999994e-02
4.000000000000000000e+01 2.871401000000000092e+00 2.503499999999999943e+02 1.467999999999999904e-03
4.500000000000000000e+01 1.491003999999999996e+00 2.641600000000000250e+02 2.510999999999999777e-04
5.000000000000000000e+01 7.977899999999999991e-01 2.706499999999999773e+02 8.195999999999999455e-05
5.500000000000000000e+01 4.252489999999999881e-01 2.607699999999999818e+02 9.152000000000000467e-05
6.000000000000000000e+01 2.195799999999999974e-01 2.470200000000000102e+02 1.430000000000000064e-04
7.000000000000000000e+01 5.220899999999999846e-02 2.195900000000000034e+02 4.368999999999999945e-04
8.000000000000000000e+01 1.052400000000000037e-02 1.986399999999999864e+02 8.482999999999999655e-04
1.000000000000000000e+02 3.200000000000000262e-04 1.950800000000000125e+02 8.684000000000000204e-06
