M F 7    3    2    1    0    0    0    0    0    0    0    1    0   0.0000.00000
fFF  25.00   380.000  0.000000  0.0000000F F F F FF              0.000     0.000     0.000     0.000         0
   10    0    0    0    0    0     0.000     9.365     0.000     0.000     0.027
   34    0    1   AD201020JulAugClr6370.00000    0  0.000000  0.000000
  0.0000001013.00000306.500000100.000000  0.000000  0.000000AAH22666666666   
            1.560000 0.000E+00 0.000E+00   10    0    0    0    0
  0.100000898.600000306.500000 50.000000  0.000000  0.000000AAH22666666666   
           0.000E+00 0.000E+00 0.000E+00   10    0    0    0    0
  1.867000811.300000300.100000 23.290000  0.000000  0.000000AAH22666666666   
           0.000E+00 0.000E+00 0.000E+00   10    0    0    0    0
  2.788000730.200000292.800000 25.400000  0.000000  0.000000AAH22666666666   
           0.000E+00 0.000E+00 0.000E+00   10    0    0    0    0
  3.708000655.600000285.000000 31.650000  0.000000  0.000000AAH22666666666   
           0.000E+00 0.000E+00 0.000E+00   10    0    0    0    0
  4.628000586.900000277.200000 42.450000  0.000000  0.000000AAH22666666666   
           0.000E+00 0.000E+00 0.000E+00   10    0    0    0    0
  5.548000522.400000270.200000 47.340000  0.000000  0.000000AAH22666666666   
           0.000E+00 0.000E+00 0.000E+00   10    0    0    0    0
  6.468000465.300000266.200000 29.390000  0.000000  0.000000AAH22666666666   
           0.000E+00 0.000E+00 0.000E+00   10    0    0    0    0
  7.388000413.300000262.400000 15.820000  0.000000  0.000000AAH22666666666   
           0.000E+00 0.000E+00 0.000E+00   10    0    0    0    0
  8.309000367.200000256.900000 15.150000  0.000000  0.000000AAH22666666666   
           0.000E+00 0.000E+00 0.000E+00   10    0    0    0    0
  9.229000324.700000250.600000 16.730000  0.000000  0.000000AAH22666666666   
           0.000E+00 0.000E+00 0.000E+00   10    0    0    0    0
 10.150000286.200000244.000000 18.160000  0.000000  0.000000AAH22666666666   
           0.000E+00 0.000E+00 0.000E+00   10    0    0    0    0
 11.070000251.600000237.100000 18.630000  0.000000  0.000000AAH22666666666   
           0.000E+00 0.000E+00 0.000E+00   10    0    0    0    0
 11.990000220.700000230.000000 19.280000  0.000000  0.000000AAH22666666666   
           0.000E+00 0.000E+00 0.000E+00   10    0    0    0    0
 12.910000192.700000222.700000 20.040000  0.000000  0.000000AAH22666666666   
           0.000E+00 0.000E+00 0.000E+00   10    0    0    0    0
 13.830000167.700000215.300000 22.360000  0.000000  0.000000AAH22666666666   
           0.000E+00 0.000E+00 0.000E+00   10    0    0    0    0
 14.750000145.200000208.200000 26.460000  0.000000  0.000000AAH22666666666   
           0.000E+00 0.000E+00 0.000E+00   10    0    0    0    0
 15.670000125.600000201.800000 29.810000  0.000000  0.000000AAH22666666666   
           0.000E+00 0.000E+00 0.000E+00   10    0    0    0    0
 16.590000107.600000196.600000 31.470000  0.000000  0.000000AAH22666666666   
           0.000E+00 0.000E+00 0.000E+00   10    0    0    0    0
 17.510000 92.800000194.700000 30.210000  0.000000  0.000000AAH22666666666   
           0.000E+00 0.000E+00 0.000E+00   10    0    0    0    0
 18.430000 80.220000197.600000 20.900000  0.000000  0.000000AAH22666666666   
           0.000E+00 0.000E+00 0.000E+00   10    0    0    0    0
 19.350000 69.820000202.700000 10.160000  0.000000  0.000000AAH22666666666   
           0.000E+00 0.000E+00 0.000E+00   10    0    0    0    0
 20.270000 61.250000206.900000  4.969000  0.000000  0.000000AAH22666666666   
           0.000E+00 0.000E+00 0.000E+00   10    0    0    0    0
 21.190000 54.050000209.800000  3.060000  0.000000  0.000000AAH22666666666   
           0.000E+00 0.000E+00 0.000E+00   10    0    0    0    0
 22.110000 48.240000212.400000  2.660000  0.000000  0.000000AAH22666666666   
           0.000E+00 0.000E+00 0.000E+00   10    0    0    0    0
 23.030000 43.250000214.500000  2.484000  0.000000  0.000000AAH22666666666   
           0.000E+00 0.000E+00 0.000E+00   10    0    0    0    0
 23.950000 39.170000216.000000  2.406000  0.000000  0.000000AAH22666666666   
           0.000E+00 0.000E+00 0.000E+00   10    0    0    0    0
 24.870000 36.230000217.300000  2.372000  0.000000  0.000000AAH22666666666   
           0.000E+00 0.000E+00 0.000E+00   10    0    0    0    0
 25.790000 34.170000218.600000  2.373000  0.000000  0.000000AAH22666666666   
           0.000E+00 0.000E+00 0.000E+00   10    0    0    0    0
 26.710000 32.600000219.400000  2.384000  0.000000  0.000000AAH22666666666   
           0.000E+00 0.000E+00 0.000E+00   10    0    0    0    0
 27.630000 31.630000220.100000  2.408000  0.000000  0.000000AAH22666666666   
           0.000E+00 0.000E+00 0.000E+00   10    0    0    0    0
 28.550000 31.020000220.500000  2.429000  0.000000  0.000000AAH22666666666   
           0.000E+00 0.000E+00 0.000E+00   10    0    0    0    0
 29.470000 30.840000220.600000  2.426000  0.000000  0.000000AAH22666666666   
           0.000E+00 0.000E+00 0.000E+00   10    0    0    0    0
 30.390000 30.810000220.600000  2.425000  0.000000  0.000000AAH22666666666   
           0.000E+00 0.000E+00 0.000E+00   10    0    0    0    0
  0.305000  0.000000 89.500000   0.00000  0.000000  0.000000    0       0.000000  0.000000
    1    2  180    0
    24.433   305.350     0.000     0.000    20.000     0.000     0.000     0.000
8200.0000010573.0000   1.00000   2.00000          W1       0     0.000
    0
