1.000000000000000056e-01 1.012999000000000024e+03 2.941999999999999886e+02 7.618000000000000682e+01
1.000000000000000000e+00 9.019959999999999809e+02 2.896999999999999886e+02 6.603000000000000114e+01
2.000000000000000000e+00 8.020009999999999764e+02 2.851999999999999886e+02 5.520000000000000284e+01
3.000000000000000000e+00 7.099959999999999809e+02 2.791999999999999886e+02 4.528999999999999915e+01
4.000000000000000000e+00 6.280000000000000000e+02 2.731999999999999886e+02 3.904999999999999716e+01
5.000000000000000000e+00 5.539969999999999573e+02 2.671999999999999886e+02 3.142000000000000171e+01
6.000000000000000000e+00 4.869979999999999905e+02 2.611999999999999886e+02 2.998000000000000043e+01
7.000000000000000000e+00 4.260000000000000000e+02 2.546999999999999886e+02 3.030999999999999872e+01
8.000000000000000000e+00 3.719990000000000236e+02 2.481999999999999886e+02 2.962999999999999901e+01
9.000000000000000000e+00 3.239990000000000236e+02 2.416999999999999886e+02 3.014999999999999858e+01
1.000000000000000000e+01 2.809990000000000236e+02 2.353000000000000114e+02 2.944000000000000128e+01
1.100000000000000000e+01 2.430000000000000000e+02 2.288000000000000114e+02 1.948000000000000043e+01
1.200000000000000000e+01 2.089989999999999952e+02 2.223000000000000114e+02 1.068999999999999950e+01
1.300000000000000000e+01 1.790010000000000048e+02 2.158000000000000114e+02 5.423000000000000043e+00
1.400000000000000000e+01 1.530000000000000000e+02 2.156999999999999886e+02 2.932999999999999829e+00
1.500000000000000000e+01 1.299989999999999952e+02 2.156999999999999886e+02 1.695000000000000062e+00
1.600000000000000000e+01 1.110000000000000000e+02 2.156999999999999886e+02 1.405000000000000027e+00
1.700000000000000000e+01 9.500000000000000000e+01 2.156999999999999886e+02 1.165999999999999925e+00
1.800000000000000000e+01 8.120000000000000284e+01 2.168000000000000114e+02 8.562999999999999501e-01
1.900000000000000000e+01 6.950000000000000000e+01 2.179000000000000057e+02 6.511000000000000121e-01
2.000000000000000000e+01 5.950000000000000000e+01 2.191999999999999886e+02 4.914999999999999925e-01
2.100000000000000000e+01 5.100000000000000000e+01 2.204000000000000057e+02 3.819000000000000172e-01
2.200000000000000000e+01 4.370000000000000284e+01 2.215999999999999943e+02 2.965999999999999748e-01
2.300000000000000000e+01 3.760000000000000142e+01 2.228000000000000114e+02 2.374999999999999889e-01
2.400000000000000000e+01 3.220000000000000284e+01 2.239000000000000057e+02 1.862999999999999934e-01
2.500000000000000000e+01 2.769999999999999929e+01 2.250999999999999943e+02 1.469000000000000028e-01
3.000000000000000000e+01 1.319999999999999929e+01 2.336999999999999886e+02 3.098000000000000059e-02
3.500000000000000000e+01 6.519970999999999961e+00 2.451999999999999886e+02 5.231000000000000406e-03
4.000000000000000000e+01 3.329992999999999981e+00 2.575000000000000000e+02 9.365000000000000494e-04
4.500000000000000000e+01 1.759992999999999919e+00 2.698999999999999773e+02 1.993999999999999950e-04
5.000000000000000000e+01 9.510009999999999852e-01 2.756999999999999886e+02 7.127000000000000034e-05
5.500000000000000000e+01 5.149989999999999846e-01 2.693000000000000114e+02 5.991000000000000069e-05
6.000000000000000000e+01 2.720009999999999928e-01 2.571000000000000227e+02 7.752999999999999801e-05
7.000000000000000000e+01 6.700000000000000400e-02 2.180999999999999943e+02 7.083999999999999802e-04
8.000000000000000000e+01 1.200000000000000025e-02 1.740999999999999943e+02 7.237000000000000377e-02
1.000000000000000000e+02 2.579999999999999828e-04 1.905000000000000000e+02 1.461000000000000073e-05
