1.000000000000000056e-01 1.010004000000000019e+03 2.871999999999999886e+02 7.523000000000000398e+01
1.000000000000000000e+00 8.959990000000000236e+02 2.816999999999999886e+02 7.004000000000000625e+01
2.000000000000000000e+00 7.929020000000000437e+02 2.763000000000000114e+02 6.989000000000000057e+01
3.000000000000000000e+00 7.000000000000000000e+02 2.708999999999999773e+02 6.512000000000000455e+01
4.000000000000000000e+00 6.160019999999999527e+02 2.655000000000000000e+02 6.047999999999999687e+01
5.000000000000000000e+00 5.410000000000000000e+02 2.601000000000000227e+02 5.346000000000000085e+01
6.000000000000000000e+00 4.740009999999999764e+02 2.530999999999999943e+02 5.042999999999999972e+01
7.000000000000000000e+00 4.130009999999999764e+02 2.460999999999999943e+02 4.910999999999999943e+01
8.000000000000000000e+00 3.589990000000000236e+02 2.391999999999999886e+02 4.118999999999999773e+01
9.000000000000000000e+00 3.108000000000000114e+02 2.321999999999999886e+02 2.358999999999999986e+01
1.000000000000000000e+01 2.677010000000000218e+02 2.251999999999999886e+02 1.416999999999999993e+01
1.100000000000000000e+01 2.300000000000000000e+02 2.251999999999999886e+02 3.818999999999999950e+00
1.200000000000000000e+01 1.976999999999999886e+02 2.251999999999999886e+02 1.481000000000000094e+00
1.300000000000000000e+01 1.700000000000000000e+02 2.251999999999999886e+02 9.444000000000000172e-01
1.400000000000000000e+01 1.460010000000000048e+02 2.251999999999999886e+02 7.290999999999999703e-01
1.500000000000000000e+01 1.260000000000000000e+02 2.251999999999999886e+02 6.291999999999999815e-01
1.600000000000000000e+01 1.080000000000000000e+02 2.251999999999999886e+02 5.393000000000000016e-01
1.700000000000000000e+01 9.279999999999999716e+01 2.251999999999999886e+02 4.692000000000000060e-01
1.800000000000000000e+01 7.979999999999999716e+01 2.251999999999999886e+02 4.284000000000000030e-01
1.900000000000000000e+01 6.859999999999999432e+01 2.251999999999999886e+02 3.854000000000000203e-01
2.000000000000000000e+01 5.900000000000000000e+01 2.251999999999999886e+02 3.387999999999999901e-01
2.100000000000000000e+01 5.070000000000000284e+01 2.251999999999999886e+02 2.974999999999999867e-01
2.200000000000000000e+01 4.360000000000000142e+01 2.251999999999999886e+02 2.612999999999999767e-01
2.300000000000000000e+01 3.750000000000000000e+01 2.251999999999999886e+02 2.260999999999999954e-01
2.400000000000000000e+01 3.228000000000000114e+01 2.265999999999999943e+02 1.671999999999999875e-01
2.500000000000000000e+01 2.780000000000000071e+01 2.280999999999999943e+02 1.233000000000000068e-01
3.000000000000000000e+01 1.340000000000000036e+01 2.350999999999999943e+02 2.897999999999999882e-02
3.500000000000000000e+01 6.609975000000000378e+00 2.471999999999999886e+02 4.459000000000000290e-03
4.000000000000000000e+01 3.400014999999999787e+00 2.621000000000000227e+02 6.449000000000000088e-04
4.500000000000000000e+01 1.820006000000000013e+00 2.736000000000000227e+02 1.442000000000000085e-04
5.000000000000000000e+01 9.869949999999999557e-01 2.771999999999999886e+02 5.987000000000000107e-05
5.500000000000000000e+01 5.369979999999999754e-01 2.740000000000000000e+02 4.008000000000000251e-05
6.000000000000000000e+01 2.880010000000000070e-01 2.626999999999999886e+02 4.687999999999999839e-05
7.000000000000000000e+01 7.099999999999999367e-02 2.165999999999999943e+02 8.038999999999999705e-04
8.000000000000000000e+01 1.250000000000000069e-02 1.705999999999999943e+02 1.489999999999999936e-01
1.000000000000000000e+02 2.480000000000000108e-04 1.904000000000000057e+02 1.428000000000000050e-05
