1.000000000000000056e-01 1.018004999999999995e+03 2.721999999999999886e+02 7.706999999999999318e+01
1.000000000000000000e+00 8.972999999999999545e+02 2.686999999999999886e+02 7.050000000000000000e+01
2.000000000000000000e+00 7.896970000000000027e+02 2.651999999999999886e+02 6.545000000000000284e+01
3.000000000000000000e+00 6.937970000000000255e+02 2.616999999999999886e+02 5.674000000000000199e+01
4.000000000000000000e+00 6.081000000000000227e+02 2.556999999999999886e+02 4.989000000000000057e+01
5.000000000000000000e+00 5.313020000000000209e+02 2.496999999999999886e+02 4.717000000000000171e+01
6.000000000000000000e+00 4.627010000000000218e+02 2.436999999999999886e+02 4.402000000000000313e+01
7.000000000000000000e+00 4.016009999999999991e+02 2.376999999999999886e+02 3.103000000000000114e+01
8.000000000000000000e+00 3.473000000000000114e+02 2.316999999999999886e+02 2.301000000000000156e+01
9.000000000000000000e+00 2.993009999999999877e+02 2.256999999999999886e+02 1.966000000000000014e+01
1.000000000000000000e+01 2.568009999999999877e+02 2.196999999999999886e+02 1.792999999999999972e+01
1.100000000000000000e+01 2.198990000000000009e+02 2.191999999999999886e+02 5.504999999999999893e+00
1.200000000000000000e+01 1.882009999999999934e+02 2.186999999999999886e+02 3.000999999999999890e+00
1.300000000000000000e+01 1.611009999999999991e+02 2.181999999999999886e+02 2.274000000000000021e+00
1.400000000000000000e+01 1.378000000000000114e+02 2.176999999999999886e+02 1.983999999999999986e+00
1.500000000000000000e+01 1.177999999999999972e+02 2.171999999999999886e+02 1.764999999999999902e+00
1.600000000000000000e+01 1.007000000000000028e+02 2.166999999999999886e+02 1.570000000000000062e+00
1.700000000000000000e+01 8.609999999999999432e+01 2.161999999999999886e+02 1.395999999999999908e+00
1.800000000000000000e+01 7.359999999999999432e+01 2.156999999999999886e+02 1.270000000000000018e+00
1.900000000000000000e+01 6.279999999999999716e+01 2.151999999999999886e+02 1.153000000000000025e+00
2.000000000000000000e+01 5.370000000000000284e+01 2.151999999999999886e+02 9.859999999999999876e-01
2.100000000000000000e+01 4.579999999999999716e+01 2.151999999999999886e+02 8.409999999999999698e-01
2.200000000000000000e+01 3.910000000000000142e+01 2.151999999999999886e+02 7.227000000000000091e-01
2.300000000000000000e+01 3.339999999999999858e+01 2.151999999999999886e+02 6.200999999999999845e-01
2.400000000000000000e+01 2.860000000000000142e+01 2.151999999999999886e+02 5.368000000000000549e-01
2.500000000000000000e+01 2.439999999999999858e+01 2.151999999999999886e+02 4.630000000000000226e-01
3.000000000000000000e+01 1.109999999999999964e+01 2.174000000000000057e+02 1.640000000000000069e-01
3.500000000000000000e+01 5.180025999999999797e+00 2.279000000000000057e+02 2.324999999999999983e-02
4.000000000000000000e+01 2.530002000000000084e+00 2.431999999999999886e+02 2.446999999999999956e-03
4.500000000000000000e+01 1.289997000000000060e+00 2.585000000000000000e+02 3.274999999999999916e-04
5.000000000000000000e+01 6.830000000000000515e-01 2.656999999999999886e+02 9.668999999999999752e-05
5.500000000000000000e+01 3.619999999999999885e-01 2.606000000000000227e+02 7.511999999999999906e-05
6.000000000000000000e+01 1.880010000000000014e-01 2.508000000000000114e+02 8.270000000000000441e-05
7.000000000000000000e+01 4.700000000000000011e-02 2.306999999999999886e+02 1.061000000000000040e-04
8.000000000000000000e+01 1.030000000000000013e-02 2.100999999999999943e+02 1.617000000000000002e-04
1.000000000000000000e+02 4.070000000000000267e-04 2.185999999999999943e+02 4.384000000000000081e-07
