1.000000000000000056e-01 1.030000000000000000e+03 3.081499999999999773e+02 9.559999999999999432e+01
1.000000000000000000e+00 9.170000000000000000e+02 3.042500000000000000e+02 8.759999999999999432e+01
2.000000000000000000e+00 8.182999999999999545e+02 2.934700000000000273e+02 7.576999999999999602e+01
3.000000000000000000e+00 7.277000000000000455e+02 2.862599999999999909e+02 5.574000000000000199e+01
4.000000000000000000e+00 6.451000000000000227e+02 2.795299999999999727e+02 3.795000000000000284e+01
5.000000000000000000e+00 5.702000000000000455e+02 2.727400000000000091e+02 3.406000000000000227e+01
6.000000000000000000e+00 5.023999999999999773e+02 2.668700000000000045e+02 2.360000000000000142e+01
7.000000000000000000e+00 4.413000000000000114e+02 2.603899999999999864e+02 1.964000000000000057e+01
8.000000000000000000e+00 3.863999999999999773e+02 2.532800000000000011e+02 1.989999999999999858e+01
9.000000000000000000e+00 3.370000000000000000e+02 2.458899999999999864e+02 2.010000000000000142e+01
1.000000000000000000e+01 2.926000000000000227e+02 2.383300000000000125e+02 2.094999999999999929e+01
1.100000000000000000e+01 2.529000000000000057e+02 2.307400000000000091e+02 2.210999999999999943e+01
1.200000000000000000e+01 2.175999999999999943e+02 2.234199999999999875e+02 2.050000000000000000e+01
1.300000000000000000e+01 1.863000000000000114e+02 2.166899999999999977e+02 1.789999999999999858e+01
1.400000000000000000e+01 1.586999999999999886e+02 2.107800000000000011e+02 1.582000000000000028e+01
1.500000000000000000e+01 1.346999999999999886e+02 2.058100000000000023e+02 1.361999999999999922e+01
1.600000000000000000e+01 1.140000000000000000e+02 2.019799999999999898e+02 1.141999999999999993e+01
1.700000000000000000e+01 9.626000000000000512e+01 1.995300000000000011e+02 9.977000000000000313e+00
1.800000000000000000e+01 8.120000000000000284e+01 1.988300000000000125e+02 6.501999999999999780e+00
1.900000000000000000e+01 6.823000000000000398e+01 2.004499999999999886e+02 3.109999999999999876e+00
2.000000000000000000e+01 6.659999999999999432e+01 2.027500000000000000e+02 1.820000000000000062e+00
2.100000000000000000e+01 5.650000000000000000e+01 2.067500000000000000e+02 9.224999999999999867e-01
2.200000000000000000e+01 4.800000000000000000e+01 2.107500000000000000e+02 5.037000000000000366e-01
2.300000000000000000e+01 4.089999999999999858e+01 2.146500000000000057e+02 3.316000000000000059e-01
2.400000000000000000e+01 3.500000000000000000e+01 2.170500000000000114e+02 2.403000000000000136e-01
2.500000000000000000e+01 3.000000000000000000e+01 2.192500000000000000e+02 1.612000000000000099e-01
3.000000000000000000e+01 2.569999999999999929e+01 2.214499999999999886e+02 2.819999999999999937e-02
3.500000000000000000e+01 1.219999999999999929e+01 2.323499999999999943e+02 5.400000000000000286e-03
4.000000000000000000e+01 6.000000000000000000e+00 2.431500000000000057e+02 1.199999999999999895e-03
4.500000000000000000e+01 3.049999999999999822e+00 2.540500000000000114e+02 2.999999999999999737e-04
5.000000000000000000e+01 1.589990000000000014e+00 2.648500000000000227e+02 1.000000000000000048e-04
5.500000000000000000e+01 8.539999999999999813e-01 2.702500000000000000e+02 1.000000000000000048e-04
6.000000000000000000e+01 4.560000000000000164e-01 2.634499999999999886e+02 1.000000000000000048e-04
7.000000000000000000e+01 2.389999999999999902e-01 2.531500000000000057e+02 6.999999999999999929e-04
8.000000000000000000e+01 5.800000000000000294e-02 2.189499999999999886e+02 8.699999999999999400e-03
1.000000000000000000e+02 1.099999999999999936e-02 1.848499999999999943e+02 0.000000000000000000e+00
