1.000000000000000056e-01 1.012999000000000024e+03 2.571999999999999886e+02 8.045999999999999375e+01
1.000000000000000000e+00 8.878029999999999973e+02 2.591000000000000227e+02 6.929999999999999716e+01
2.000000000000000000e+00 7.774969999999999573e+02 2.559000000000000057e+02 6.993000000000000682e+01
3.000000000000000000e+00 6.798010000000000446e+02 2.526999999999999886e+02 6.564000000000000057e+01
4.000000000000000000e+00 5.931989999999999554e+02 2.476999999999999886e+02 6.039999999999999858e+01
5.000000000000000000e+00 5.157999999999999545e+02 2.409000000000000057e+02 5.409000000000000341e+01
6.000000000000000000e+00 4.467010000000000218e+02 2.340999999999999943e+02 5.071000000000000085e+01
7.000000000000000000e+00 3.852989999999999782e+02 2.273000000000000114e+02 5.597999999999999687e+01
8.000000000000000000e+00 3.307989999999999782e+02 2.205999999999999943e+02 2.373000000000000043e+01
9.000000000000000000e+00 2.828990000000000009e+02 2.171999999999999886e+02 2.683999999999999986e+01
1.000000000000000000e+01 2.418000000000000114e+02 2.171999999999999886e+02 1.541999999999999993e+01
1.100000000000000000e+01 2.066999999999999886e+02 2.171999999999999886e+02 6.589000000000000412e+00
1.200000000000000000e+01 1.765999999999999943e+02 2.171999999999999886e+02 3.378000000000000114e+00
1.300000000000000000e+01 1.510000000000000000e+02 2.171999999999999886e+02 2.141999999999999904e+00
1.400000000000000000e+01 1.290999999999999943e+02 2.171999999999999886e+02 1.852000000000000091e+00
1.500000000000000000e+01 1.102999999999999972e+02 2.171999999999999886e+02 1.600000000000000089e+00
1.600000000000000000e+01 9.431000000000000227e+01 2.165999999999999943e+02 1.487999999999999989e+00
1.700000000000000000e+01 8.057999999999999829e+01 2.160000000000000000e+02 1.383999999999999897e+00
1.800000000000000000e+01 6.881999999999999318e+01 2.154000000000000057e+02 1.286999999999999922e+00
1.900000000000000000e+01 5.875000000000000000e+01 2.148000000000000114e+02 1.197000000000000064e+00
2.000000000000000000e+01 5.014000000000000057e+01 2.141999999999999886e+02 1.112999999999999989e+00
2.100000000000000000e+01 4.277000000000000313e+01 2.135999999999999943e+02 1.034999999999999920e+00
2.200000000000000000e+01 3.646999999999999886e+01 2.130000000000000000e+02 9.626000000000000112e-01
2.300000000000000000e+01 3.108999999999999986e+01 2.124000000000000057e+02 8.951999999999999957e-01
2.400000000000000000e+01 2.648999999999999844e+01 2.118000000000000114e+02 8.324000000000000288e-01
2.500000000000000000e+01 2.255999999999999872e+01 2.111999999999999886e+02 7.663999999999999702e-01
3.000000000000000000e+01 1.019999999999999929e+01 2.160000000000000000e+02 1.884000000000000119e-01
3.500000000000000000e+01 4.701022000000000034e+00 2.223000000000000114e+02 4.084999999999999742e-02
4.000000000000000000e+01 2.242989999999999817e+00 2.346999999999999886e+02 5.053000000000000200e-03
4.500000000000000000e+01 1.113000999999999907e+00 2.470000000000000000e+02 7.644999999999999886e-04
5.000000000000000000e+01 5.719009999999999927e-01 2.593000000000000114e+02 1.345999999999999920e-04
5.500000000000000000e+01 2.990010000000000168e-01 2.591000000000000227e+02 7.009000000000000148e-05
6.000000000000000000e+01 1.549999999999999989e-01 2.509000000000000057e+02 6.758000000000000010e-05
7.000000000000000000e+01 4.000000000000000083e-02 2.454000000000000057e+02 2.099999999999999884e-05
8.000000000000000000e+01 9.660000000000000184e-03 2.239000000000000057e+02 2.794000000000000015e-05
1.000000000000000000e+02 4.229999999999999819e-04 2.185000000000000000e+02 4.606999999999999894e-07
