1.000000000000000056e-01 1.012999000000000024e+03 2.996999999999999886e+02 7.559000000000000341e+01
1.000000000000000000e+00 9.040000000000000000e+02 2.936999999999999886e+02 7.282999999999999829e+01
2.000000000000000000e+00 8.049980000000000473e+02 2.876999999999999886e+02 7.457999999999999829e+01
3.000000000000000000e+00 7.149980000000000473e+02 2.836999999999999886e+02 4.828999999999999915e+01
4.000000000000000000e+00 6.330000000000000000e+02 2.770000000000000000e+02 3.493999999999999773e+01
5.000000000000000000e+00 5.590000000000000000e+02 2.703000000000000114e+02 3.775000000000000000e+01
6.000000000000000000e+00 4.920009999999999764e+02 2.636000000000000227e+02 3.482000000000000028e+01
7.000000000000000000e+00 4.320020000000000095e+02 2.570000000000000000e+02 3.200999999999999801e+01
8.000000000000000000e+00 3.779979999999999905e+02 2.503000000000000114e+02 2.948999999999999844e+01
9.000000000000000000e+00 3.290009999999999764e+02 2.435999999999999943e+02 2.537000000000000099e+01
1.000000000000000000e+01 2.860000000000000000e+02 2.370000000000000000e+02 1.951999999999999957e+01
1.100000000000000000e+01 2.470000000000000000e+02 2.300999999999999943e+02 1.316000000000000014e+01
1.200000000000000000e+01 2.130000000000000000e+02 2.235999999999999943e+02 9.260999999999999233e+00
1.300000000000000000e+01 1.820010000000000048e+02 2.170000000000000000e+02 5.886000000000000121e+00
1.400000000000000000e+01 1.560010000000000048e+02 2.103000000000000114e+02 7.416999999999999815e+00
1.500000000000000000e+01 1.320000000000000000e+02 2.036999999999999886e+02 9.930999999999999162e+00
1.600000000000000000e+01 1.110000000000000000e+02 1.970000000000000000e+02 1.678000000000000114e+01
1.700000000000000000e+01 9.370000000000000284e+01 1.948000000000000114e+02 1.925000000000000000e+01
1.800000000000000000e+01 7.890000000000000568e+01 1.988000000000000114e+02 8.327999999999999403e+00
1.900000000000000000e+01 6.659999999999999432e+01 2.026999999999999886e+02 3.754999999999999893e+00
2.000000000000000000e+01 5.650000000000000000e+01 2.066999999999999886e+02 1.820000000000000062e+00
2.100000000000000000e+01 4.800000000000000000e+01 2.106999999999999886e+02 9.224999999999999867e-01
2.200000000000000000e+01 4.089999999999999858e+01 2.145999999999999943e+02 5.037000000000000366e-01
2.300000000000000000e+01 3.500000000000000000e+01 2.170000000000000000e+02 3.316000000000000059e-01
2.400000000000000000e+01 3.000000000000000000e+01 2.191999999999999886e+02 2.403000000000000136e-01
2.500000000000000000e+01 2.569999999999999929e+01 2.214000000000000057e+02 1.612000000000000099e-01
3.000000000000000000e+01 1.219999999999999929e+01 2.323000000000000114e+02 2.818999999999999978e-02
3.500000000000000000e+01 6.000003000000000419e+00 2.430999999999999943e+02 5.445000000000000187e-03
4.000000000000000000e+01 3.049995000000000012e+00 2.540000000000000000e+02 1.173999999999999913e-03
4.500000000000000000e+01 1.589993999999999907e+00 2.648000000000000114e+02 2.778999999999999786e-04
5.000000000000000000e+01 8.540029999999999566e-01 2.701999999999999886e+02 1.041999999999999985e-04
5.500000000000000000e+01 4.560009999999999897e-01 2.633999999999999773e+02 9.362999999999999632e-05
6.000000000000000000e+01 2.389999999999999902e-01 2.530999999999999943e+02 1.146999999999999962e-04
7.000000000000000000e+01 5.800000000000000294e-02 2.189000000000000057e+02 6.773000000000000374e-04
8.000000000000000000e+01 1.099999999999999936e-02 1.848000000000000114e+02 8.677999999999999950e-03
1.000000000000000000e+02 2.889999999999999774e-04 1.906999999999999886e+02 1.584000000000000081e-05
